epoch,NMI,classification_accuracy,f1_macro,f1_micro,hyperbolic_distance_layer_0_loss,hyperbolic_distance_layer_1_loss,label_prediction_layer_0_loss,loss,mean_precision_reconstruction,mean_rank_reconstruction
0,0.580187610782,0.778,0.76630538704,0.778,1.08920575613,0.697722899437,0.00118924960023,0.27596641675,0.169416444989,91.9205071237
1,0.583185142467,0.778,0.76675342037,0.778,0.728909796,0.608636946142,0.000137949749067,0.0104062933759,0.173988034239,83.6839889573
2,0.582805888417,0.782,0.766775054879,0.782,0.700843903899,0.598145855278,0.000123769423859,0.00903800221905,0.175642678046,83.031698483
3,0.611222717835,0.794,0.783432738868,0.794,0.684085893363,0.587276654184,0.000116421573141,0.0086514791525,0.174975185013,83.3469945291
4,0.593175533365,0.782,0.767281839387,0.782,0.673910094619,0.579206831753,0.000111662613464,0.00837753006211,0.177294739769,83.6851923999
5,0.594754601655,0.786,0.772218200726,0.786,0.66557908231,0.57336728996,0.000110818691566,0.00818622541428,0.175889309407,83.4457167206
6,0.569276713869,0.774,0.754393858044,0.774,0.664274977058,0.56761498934,0.000105354808155,0.00807980202558,0.185002993785,79.7732308981
7,0.5949593602,0.786,0.772007448748,0.786,0.655998651505,0.560801903546,0.00010380521305,0.00793605700321,0.182783439749,76.9885461391
8,0.597960539795,0.788,0.774634991205,0.788,0.646946199834,0.558446387827,9.8344712871e-05,0.00780012083007,0.1862893184,72.1980069932
9,0.598803462923,0.786,0.771542915414,0.786,0.647803465456,0.552204046339,0.00010037957559,0.0077203576141,0.183679600977,75.5917064953
10,0.572473012594,0.776,0.764468902314,0.776,0.641556037903,0.54663545239,9.93823018034e-05,0.00761605046643,0.188146568506,73.7418095199
11,0.568560328908,0.772,0.757250473026,0.772,0.639641209781,0.547138858795,9.78091742181e-05,0.00756202921085,0.195613613104,72.7208630443
12,0.588242475854,0.784,0.770315262763,0.784,0.634238178849,0.540339737147,9.5760926084e-05,0.00746731386986,0.19077140637,76.29417524
13,0.600276897283,0.79,0.779285341604,0.79,0.635346939772,0.543391119838,9.2433862992e-05,0.00744334372319,0.195572610304,73.662850551
14,0.623814420516,0.8,0.785994974792,0.8,0.63214245218,0.538222722679,9.32607665054e-05,0.00736736853421,0.196486503934,72.2606063308
15,0.576131531807,0.774,0.754853770006,0.774,0.632098123372,0.537262651354,9.39976391637e-05,0.00734446632862,0.197268877781,70.5993122977
16,0.597503627573,0.788,0.76927258724,0.788,0.625949116886,0.530538176537,9.1005123817e-05,0.00724221312581,0.195445894163,68.7934487306
17,0.590652940415,0.784,0.764917504542,0.784,0.624625355959,0.529744088531,9.19781092889e-05,0.00721544310544,0.20130054763,70.3667562695
18,0.583386864601,0.782,0.769123662491,0.782,0.626075896889,0.532543828607,8.92691250556e-05,0.00720402061427,0.205314847551,65.0964891923
19,0.612399439933,0.794,0.783135514365,0.794,0.621458684266,0.525898280054,9.01562535291e-05,0.00713312528608,0.200642722241,69.5115948857
20,0.593270040156,0.792,0.777244519401,0.792,0.616619534194,0.523734673172,8.87606434953e-05,0.00707490463927,0.205198868956,68.0807819234
21,0.578369007492,0.776,0.757220326541,0.776,0.617421352863,0.526247983843,8.7584230916e-05,0.00707688509021,0.202397893402,66.9015775912
22,0.613363195613,0.798,0.787020908176,0.798,0.615944295317,0.521647025615,8.7457866226e-05,0.00702911208477,0.206002051456,67.27336997
23,0.610958750349,0.794,0.786489268567,0.794,0.61475845626,0.521379130036,8.69160452457e-05,0.00700889910199,0.203117228941,66.8454947823
24,0.583815791733,0.78,0.76155032672,0.78,0.609030014157,0.520347581476,8.72222980834e-05,0.00695132326894,0.203271287749,67.3480721106
25,0.601625178948,0.79,0.781372222838,0.79,0.612978779972,0.519493314594,8.71466486242e-05,0.006958765822,0.202067993816,67.9357945544
